91
1 0 0
0 0 1
1 6.57281e+07 0
2 0 0
0 0 1
1 6.20921e+07 0
3 0 0
0 0 1
1 5.82366e+07 0
4 0 0
0 0 1
1 5.42466e+07 0
5 0 0
0 0 1
1 5.01679e+07 0
6 0 0
0 0 1
1 4.60533e+07 0
7 0 0
0 0 1
1 4.19702e+07 0
8 0 0
0 0 1
1 3.79761e+07 0
9 0 0
0 0 1
1 3.41173e+07 0
10 0 0
0 0 1
1 3.04568e+07 0
11 0 0
0 0 1
1 2.70568e+07 0
12 0 0
0 0 1
1 2.39355e+07 0
13 0 0
0 0 1
1 2.10992e+07 0
14 0 0
0 0 1
1 1.85492e+07 0
15 0 0
0 0 1
1 1.6275e+07 0
16 0 0
0 0 1
1 1.42588e+07 0
17 0 0
0 0 1
1 1.24889e+07 0
18 0 0
0 0 1
1 1.09571e+07 0
19 0 0
0 0 1
1 9.64378e+06 0
20 0 0
0 0 1
1 8.53179e+06 0
21 0 0
0 0 1
1 7.59957e+06 0
22 0 0
0 0 1
1 6.82537e+06 0
23 0 0
0 0 1
1 6.17832e+06 0
24 0 0
0 0 1
1 5.62954e+06 0
25 0 0
0 0 1
1 5.16118e+06 0
26 0 0
0 0 1
1 4.75299e+06 0
27 0 0
0 0 1
1 4.39184e+06 0
28 0 0
0 0 1
1 4.06908e+06 0
29 0 0
0 0 1
1 3.78078e+06 0
30 0 0
0 0 1
1 3.51938e+06 0
-1 0 0
