91
1 0 0
0 0 1
1 6.67471e+07 0
2 0 0
0 0 1
1 6.32295e+07 0
3 0 0
0 0 1
1 5.9472e+07 0
4 0 0
0 0 1
1 5.55459e+07 0
5 0 0
0 0 1
1 5.15098e+07 0
6 0 0
0 0 1
1 4.74376e+07 0
7 0 0
0 0 1
1 4.34054e+07 0
8 0 0
0 0 1
1 3.94762e+07 0
9 0 0
0 0 1
1 3.56957e+07 0
10 0 0
0 0 1
1 3.21085e+07 0
11 0 0
0 0 1
1 2.87585e+07 0
12 0 0
0 0 1
1 2.56608e+07 0
13 0 0
0 0 1
1 2.28173e+07 0
14 0 0
0 0 1
1 2.02312e+07 0
15 0 0
0 0 1
1 1.79108e+07 0
16 0 0
0 0 1
1 1.58569e+07 0
17 0 0
0 0 1
1 1.40633e+07 0
18 0 0
0 0 1
1 1.25097e+07 0
19 0 0
0 0 1
1 1.11689e+07 0
20 0 0
0 0 1
1 1.00169e+07 0
21 0 0
0 0 1
1 9.0299e+06 0
22 0 0
0 0 1
1 8.17974e+06 0
23 0 0
0 0 1
1 7.4404e+06 0
24 0 0
0 0 1
1 6.79626e+06 0
25 0 0
0 0 1
1 6.23576e+06 0
26 0 0
0 0 1
1 5.74808e+06 0
27 0 0
0 0 1
1 5.31831e+06 0
28 0 0
0 0 1
1 4.93735e+06 0
29 0 0
0 0 1
1 4.59749e+06 0
30 0 0
0 0 1
1 4.29314e+06 0
-1 0 0
